"hla" <-
structure(list(id = structure(c(1, 1, 1, 1, 1, 1, 1, 1, 1, 1, 
1, 1, 1, 1, 1, 1, 1, 1, 1, 1, 1, 1, 1, 1, 1, 1, 1, 1, 1, 1, 1, 
1, 1, 1, 1, 1, 1, 1, 1, 1, 1, 1, 1, 1, 1, 1, 1, 1, 1, 1, 1, 1, 
1, 1, 1, 1, 1, 1, 1, 1, 1, 1, 1, 1, 1, 1, 1, 1, 1, 1, 1, 1, 1, 
1, 1, 1, 1, 1, 1, 1, 1, 1, 1, 1, 1, 1, 1, 1, 1, 1, 1, 1, 1, 1, 
1, 1, 1, 1, 1, 1, 1, 1, 1, 1, 1, 1, 1, 1, 1, 1, 1, 1, 1, 1, 1, 
1, 1, 1, 1, 1, 1, 1, 1, 1, 1, 1, 1, 1, 1, 1, 1, 1, 1, 1, 1, 1, 
1, 1, 1, 1, 1, 1, 1, 1, 1, 1, 1, 1, 1, 1, 1, 1, 1, 1, 1, 1, 1, 
1, 1, 1, 1, 1, 1, 1, 1, 1, 1, 1, 1, 1, 1, 1, 1, 1, 1, 1, 1, 2, 
2, 2, 2, 2, 2, 2, 2, 2, 2, 2, 2, 2, 2, 2, 2, 2, 2, 2, 2, 2, 2, 
2, 2, 2, 2, 2, 2, 2, 2, 2, 2, 2, 2, 2, 2, 2, 2, 2, 2, 2, 2, 2, 
2, 2, 2, 2, 2, 2, 2, 2, 2, 2, 2, 2, 2, 2, 2, 2, 2, 2, 2, 2, 2, 
2, 2, 2, 2, 2, 2, 2, 2, 2, 2, 2, 2, 2, 2, 2, 2, 2, 2, 2, 2, 2, 
2, 2, 2, 2, 2, 2, 2, 2, 2), .Label = c("CTR", "SCZ"), class = "factor"), 
    y = c(0, 0, 0, 0, 0, 0, 0, 0, 0, 0, 0, 0, 0, 0, 0, 0, 0, 
    0, 0, 0, 0, 0, 0, 0, 0, 0, 0, 0, 0, 0, 0, 0, 0, 0, 0, 0, 
    0, 0, 0, 0, 0, 0, 0, 0, 0, 0, 0, 0, 0, 0, 0, 0, 0, 0, 0, 
    0, 0, 0, 0, 0, 0, 0, 0, 0, 0, 0, 0, 0, 0, 0, 0, 0, 0, 0, 
    0, 0, 0, 0, 0, 0, 0, 0, 0, 0, 0, 0, 0, 0, 0, 0, 0, 0, 0, 
    0, 0, 0, 0, 0, 0, 0, 0, 0, 0, 0, 0, 0, 0, 0, 0, 0, 0, 0, 
    0, 0, 0, 0, 0, 0, 0, 0, 0, 0, 0, 0, 0, 0, 0, 0, 0, 0, 0, 
    0, 0, 0, 0, 0, 0, 0, 0, 0, 0, 0, 0, 0, 0, 0, 0, 0, 0, 0, 
    0, 0, 0, 0, 0, 0, 0, 0, 0, 0, 0, 0, 0, 0, 0, 0, 0, 0, 0, 
    0, 0, 0, 0, 0, 0, 0, 0, 1, 1, 1, 1, 1, 1, 1, 1, 1, 1, 1, 
    1, 1, 1, 1, 1, 1, 1, 1, 1, 1, 1, 1, 1, 1, 1, 1, 1, 1, 1, 
    1, 1, 1, 1, 1, 1, 1, 1, 1, 1, 1, 1, 1, 1, 1, 1, 1, 1, 1, 
    1, 1, 1, 1, 1, 1, 1, 1, 1, 1, 1, 1, 1, 1, 1, 1, 1, 1, 1, 
    1, 1, 1, 1, 1, 1, 1, 1, 1, 1, 1, 1, 1, 1, 1, 1, 1, 1, 1, 
    1, 1, 1, 1, 1, 1, 1), DQR.a1 = c(4, 4, 22, 6, 9, 22, 6, 6, 
    8, 1, 4, 22, 6, 4, 1, 3, 6, 6, 1, 22, 17, 22, 3, 4, 1, 14, 
    22, 3, 23, 22, 8, 4, 6, 9, 8, 4, 22, 1, 4, 22, 4, 14, 1, 
    22, 17, 22, 8, 1, 1, 4, 6, 4, 9, 1, 6, 4, 22, 4, 9, 6, 22, 
    1, 4, 1, 9, 9, 22, 4, 9, 22, 1, 2, 8, 9, 22, 1, 1, 1, 16, 
    9, 3, 4, 14, 3, 9, 6, 1, 24, 1, 9, 14, 3, 22, 22, 9, 9, 4, 
    14, 6, 4, 12, 8, 4, 1, 4, 9, 4, 22, 6, 9, 1, 23, 22, 15, 
    24, 22, 4, 6, 18, 4, 4, 9, 6, 7, 14, 16, 9, 4, 4, 9, 22, 
    22, 1, 4, 4, 6, 6, 1, 22, 9, 4, 22, 1, 4, 22, 4, 17, 9, 4, 
    17, 4, 8, 6, 9, 22, 4, 22, 4, 9, 1, 1, 4, 1, 22, 22, 9, 1, 
    16, 22, 9, 1, 6, 3, 17, 4, 4, 22, 4, 13, 1, 4, 22, 1, 1, 
    9, 6, 4, 10, 10, 4, 9, 4, 1, 9, 4, 4, 17, 6, 8, 3, 6, 22, 
    4, 8, 4, 14, 7, 7, 9, 17, 9, 4, 14, 8, 1, 10, 10, 7, 22, 
    17, 22, 6, 4, 12, 0, 21, 1, 10, 6, 22, 8, 19, 6, 13, 9, 9, 
    9, 4, 23, 1, 9, 8, 17, 1, 22, 17, 7, 6, 4, 4, 1, 6, 12, 2, 
    4, 1, 3, 9, 9, 14, 10, 13, 1, 1, 1, 22, 8, 4, 1, 13, 14), 
    DQR.a2 = c(9, 7, 21, 6, 21, 17, 9, 14, 8, 18, 17, 8, 21, 
    9, 6, 4, 6, 17, 6, 10, 18, 1, 22, 20, 9, 6, 8, 22, 9, 1, 
    10, 18, 22, 9, 12, 6, 8, 14, 4, 9, 24, 12, 10, 9, 14, 22, 
    18, 6, 8, 22, 14, 2, 17, 9, 21, 4, 9, 8, 17, 9, 8, 9, 8, 
    15, 21, 10, 3, 14, 22, 20, 22, 3, 8, 18, 6, 22, 22, 1, 21, 
    8, 8, 9, 8, 9, 22, 8, 6, 1, 6, 1, 16, 4, 1, 6, 11, 21, 6, 
    21, 17, 6, 6, 14, 12, 16, 1, 8, 22, 1, 22, 1, 14, 8, 8, 18, 
    17, 6, 22, 8, 19, 21, 14, 9, 18, 8, 13, 15, 22, 6, 12, 18, 
    8, 6, 9, 9, 6, 6, 9, 8, 8, 6, 6, 14, 22, 7, 9, 10, 19, 8, 
    6, 6, 21, 14, 6, 17, 10, 8, 9, 8, 17, 4, 22, 4, 15, 4, 9, 
    10, 22, 20, 17, 6, 22, 9, 23, 8, 22, 9, 22, 17, 13, 9, 22, 
    22, 10, 6, 22, 9, 4, 14, 22, 9, 14, 21, 22, 14, 6, 14, 17, 
    9, 14, 3, 6, 22, 22, 14, 10, 22, 9, 17, 17, 17, 14, 16, 1, 
    22, 9, 25, 14, 7, 9, 17, 23, 9, 6, 14, 0, 22, 3, 17, 22, 
    17, 22, 22, 6, 22, 22, 22, 13, 22, 6, 15, 22, 9, 24, 22, 
    22, 22, 3, 9, 6, 10, 8, 6, 17, 14, 9, 21, 4, 22, 13, 14, 
    16, 17, 4, 21, 21, 14, 23, 6, 1, 17, 14), DQA.a1 = c(4, 5, 
    1, 5, 1, 2, 4, 5, 5, 1, 8, 2, 1, 4, 1, 1, 5, 5, 1, 2, 2, 
    1, 2, 8, 4, 5, 2, 1, 4, 1, 5, 8, 2, 4, 5, 5, 2, 1, 8, 4, 
    8, 5, 1, 2, 8, 2, 2, 1, 1, 2, 5, 1, 4, 1, 1, 8, 2, 8, 3, 
    4, 2, 1, 8, 1, 1, 4, 1, 8, 2, 2, 1, 1, 5, 2, 5, 1, 1, 1, 
    1, 4, 1, 4, 5, 1, 2, 5, 1, 1, 1, 1, 8, 1, 1, 5, 4, 1, 5, 
    1, 3, 5, 5, 5, 8, 1, 1, 4, 8, 1, 5, 1, 1, 5, 5, 8, 2, 2, 
    8, 5, 8, 1, 8, 4, 5, 5, 8, 8, 2, 8, 5, 2, 5, 5, 1, 4, 5, 
    5, 4, 1, 2, 4, 5, 2, 1, 5, 4, 8, 3, 4, 8, 5, 8, 5, 5, 3, 
    2, 8, 4, 5, 4, 1, 1, 8, 1, 2, 2, 4, 1, 8, 2, 4, 1, 4, 1, 
    3, 2, 4, 2, 8, 1, 1, 8, 2, 1, 1, 2, 6, 8, 7, 7, 8, 4, 8, 
    1, 4, 6, 8, 2, 6, 5, 8, 5, 2, 8, 6, 8, 3, 6, 2, 4, 3, 4, 
    8, 8, 6, 1, 7, 7, 6, 2, 3, 2, 6, 8, 5, 2, 1, 1, 7, 6, 2, 
    6, 8, 5, 1, 2, 4, 4, 8, 3, 1, 4, 6, 3, 1, 2, 3, 6, 6, 8, 
    8, 1, 6, 5, 1, 4, 1, 8, 4, 4, 3, 7, 1, 1, 1, 1, 2, 5, 8, 
    1, 1, 3), DQA.a2 = c(8, 8, 2, 5, 4, 3, 5, 8, 5, 2, 8, 5, 
    5, 8, 5, 8, 5, 8, 5, 7, 2, 2, 8, 8, 1, 8, 5, 2, 2, 2, 7, 
    2, 5, 4, 5, 8, 5, 8, 8, 2, 2, 8, 7, 4, 3, 2, 5, 5, 5, 8, 
    8, 8, 3, 4, 5, 8, 4, 5, 4, 5, 5, 4, 5, 8, 4, 7, 2, 8, 4, 
    8, 3, 1, 5, 4, 2, 2, 2, 1, 8, 5, 5, 8, 8, 4, 4, 5, 5, 2, 
    5, 4, 8, 8, 2, 2, 10, 4, 8, 8, 5, 8, 5, 8, 5, 8, 8, 5, 2, 
    2, 2, 4, 8, 3, 2, 2, 3, 5, 2, 5, 2, 8, 8, 4, 2, 5, 1, 8, 
    4, 5, 8, 4, 2, 2, 4, 8, 8, 5, 5, 5, 5, 5, 8, 8, 2, 8, 2, 
    7, 8, 5, 5, 2, 1, 3, 5, 4, 10, 5, 2, 8, 8, 8, 3, 8, 8, 8, 
    4, 7, 2, 8, 3, 5, 2, 5, 3, 5, 8, 8, 2, 2, 7, 4, 2, 6, 7, 
    6, 2, 4, 8, 7, 2, 4, 8, 1, 2, 8, 6, 8, 1, 4, 3, 6, 5, 6, 
    2, 6, 7, 2, 6, 4, 3, 3, 4, 8, 8, 2, 1, 2, 8, 6, 6, 2, 6, 
    4, 5, 8, 6, 2, 8, 3, 2, 2, 2, 2, 5, 2, 4, 2, 1, 2, 7, 8, 
    2, 4, 2, 1, 2, 2, 6, 6, 5, 7, 5, 6, 2, 8, 4, 1, 8, 3, 1, 
    3, 8, 2, 1, 1, 1, 8, 3, 8, 1, 3, 3), DQB.a1 = c(1, 1, 12, 
    2, 1, 12, 1, 2, 2, 7, 1, 12, 9, 1, 7, 7, 3, 2, 7, 12, 14, 
    7, 12, 1, 1, 2, 3, 7, 1, 7, 6, 14, 3, 1, 3, 1, 12, 7, 1, 
    1, 8, 2, 6, 12, 2, 12, 14, 7, 7, 1, 2, 1, 1, 1, 2, 1, 12, 
    1, 13, 1, 12, 7, 1, 7, 1, 1, 7, 1, 12, 12, 7, 7, 3, 1, 3, 
    7, 7, 7, 2, 1, 7, 1, 2, 7, 12, 2, 2, 7, 7, 7, 2, 7, 7, 12, 
    1, 10, 1, 9, 13, 1, 3, 2, 4, 7, 1, 3, 1, 7, 2, 7, 7, 3, 2, 
    14, 8, 12, 1, 3, 2, 9, 1, 1, 14, 2, 7, 2, 12, 1, 4, 4, 12, 
    12, 7, 1, 1, 2, 3, 7, 12, 1, 1, 12, 7, 1, 12, 1, 13, 1, 1, 
    3, 1, 3, 2, 13, 12, 3, 1, 1, 1, 7, 7, 1, 7, 12, 12, 1, 7, 
    2, 13, 1, 7, 1, 7, 13, 1, 4, 12, 1, 7, 7, 1, 12, 7, 7, 4, 
    2, 1, 6, 6, 1, 1, 1, 7, 1, 1, 1, 14, 2, 3, 2, 3, 12, 1, 3, 
    1, 13, 3, 13, 1, 13, 1, 1, 2, 3, 7, 6, 6, 3, 12, 13, 12, 
    5, 1, 4, 12, 9, 7, 6, 2, 12, 3, 2, 5, 7, 12, 1, 1, 1, 11, 
    7, 1, 2, 13, 7, 12, 13, 2, 3, 1, 1, 7, 2, 4, 7, 1, 7, 2, 
    1, 1, 13, 6, 7, 7, 7, 7, 12, 3, 1, 7, 7, 13), DQB.a2 = c(1, 
    3, 9, 3, 9, 13, 2, 3, 3, 14, 2, 3, 2, 1, 3, 1, 3, 3, 3, 6, 
    14, 12, 2, 2, 7, 3, 12, 12, 12, 12, 2, 1, 12, 1, 4, 2, 3, 
    2, 1, 12, 1, 4, 7, 1, 13, 12, 3, 3, 3, 12, 3, 7, 13, 7, 9, 
    1, 4, 3, 1, 3, 3, 1, 3, 2, 9, 6, 12, 2, 1, 2, 11, 7, 3, 14, 
    12, 12, 12, 7, 9, 2, 3, 4, 3, 1, 4, 3, 7, 8, 2, 4, 2, 1, 
    12, 3, 2, 4, 5, 2, 2, 3, 4, 3, 1, 2, 7, 3, 12, 12, 12, 1, 
    2, 11, 12, 2, 13, 3, 12, 3, 14, 1, 2, 1, 2, 3, 2, 2, 1, 3, 
    1, 14, 2, 3, 4, 1, 3, 2, 1, 3, 2, 3, 3, 2, 12, 2, 3, 6, 2, 
    3, 3, 14, 9, 13, 3, 1, 2, 1, 12, 3, 2, 1, 11, 1, 2, 1, 1, 
    6, 12, 2, 12, 3, 12, 3, 11, 3, 12, 1, 12, 14, 7, 1, 12, 4, 
    6, 3, 12, 1, 1, 2, 12, 1, 2, 9, 12, 2, 2, 2, 14, 1, 3, 4, 
    2, 4, 12, 4, 6, 12, 4, 15, 13, 1, 2, 2, 7, 12, 1, 8, 2, 2, 
    3, 14, 11, 1, 3, 2, 4, 12, 2, 13, 12, 14, 12, 12, 5, 12, 
    12, 12, 7, 12, 3, 2, 12, 1, 8, 12, 12, 12, 2, 4, 3, 6, 2, 
    2, 14, 2, 1, 9, 1, 12, 7, 9, 2, 14, 1, 9, 9, 2, 11, 3, 7, 
    13, 13)), .Names = c("id", "y", "DQR.a1", "DQR.a2", "DQA.a1", 
"DQA.a2", "DQB.a1", "DQB.a2"),