"aldh2" <-
structure(list(id = structure(c(60, 102, 110, 9, 13, 21, 25, 
31, 38, 52, 61, 67, 70, 76, 92, 94, 95, 96, 97, 98, 99, 100, 
101, 103, 104, 105, 106, 107, 108, 109, 111, 112, 113, 114, 115, 
116, 117, 118, 119, 120, 121, 122, 123, 124, 125, 126, 127, 128, 
129, 130, 1, 2, 3, 4, 5, 6, 7, 8, 10, 11, 12, 14, 15, 16, 17, 
18, 19, 20, 22, 23, 24, 26, 27, 28, 29, 30, 32, 33, 34, 35, 36, 
37, 39, 40, 41, 42, 43, 44, 45, 46, 47, 48, 49, 50, 51, 53, 54, 
55, 56, 57, 58, 59, 62, 63, 64, 65, 66, 68, 69, 71, 72, 73, 74, 
75, 77, 78, 79, 80, 81, 82, 83, 84, 85, 86, 87, 88, 89, 90, 91, 
93, 131, 132, 133, 134, 135, 136, 137, 138, 139, 140, 141, 142, 
143, 144, 145, 146, 147, 148, 149, 150, 151, 152, 153, 154, 155, 
156, 157, 158, 159, 160, 161, 162, 163, 164, 165, 166, 167, 168, 
169, 170, 171, 172, 173, 174, 175, 176, 177, 178, 179, 180, 181, 
182, 183, 184, 185, 186, 187, 188, 189, 190, 191, 192, 193, 194, 
195, 196, 197, 198, 199, 200, 201, 202, 203, 204, 205, 206, 207, 
208, 209, 210, 211, 212, 213, 214, 215, 216, 217, 218, 219, 220, 
221, 222, 223, 224, 225, 226, 227, 228, 229, 230, 231, 232, 233, 
234, 235, 236, 237, 238, 239, 240, 241, 242, 243, 244, 245, 246, 
247, 248, 249, 250, 251, 252, 253, 254, 255, 256, 257, 258, 259, 
260, 261, 262, 263), .Label = c("102", "105", "106", "107", "108", 
"110", "117", "118", "12", "123", "124", "125", "13", "130", 
"131", "133", "134", "135", "136", "139", "14", "144", "145", 
"149", "15", "150", "153", "155", "157", "158", "16", "162", 
"163", "166", "167", "168", "169", "17", "171", "172", "173", 
"174", "175", "176", "177", "179", "182", "183", "184", "186", 
"188", "19", "191", "193", "194", "195", "196", "198", "199", 
"2", "20", "201", "202", "205", "208", "209", "21", "215", "219", 
"22", "220", "222", "223", "228", "229", "23", "230", "231", 
"233", "234", "235", "237", "238", "240", "242", "243?", "244", 
"245", "247", "248", "249", "25", "251", "26", "27", "29", "30", 
"31", "35", "36", "39", "4", "40", "42", "47", "49", "51", "58", 
"59", "6", "62", "64", "65", "76", "79", "80", "81", "82", "84", 
"85", "87", "89", "90", "91", "92", "93", "95", "96", "98", "99", 
"N100", "N101", "N102", "N11", "N115", "N12", "N122", "N13", 
"N133", "N14", "N142", "N15", "N16", "N17", "N18", "N188", "N19", 
"N193", "N196", "N20", "N21", "N218", "N23", "N24", "N25", "N26", 
"N27", "N29", "N31", "N32", "N33", "N34", "N35", "N38", "N389", 
"N39", "N40", "N401", "N403", "N406", "N407", "N408", "N413", 
"N42", "N421", "N422", "N43", "N45", "N460", "N464", "N469", 
"N47", "N470", "N48", "N492", "N493", "N50", "N500", "N501", 
"N502", "N503", "N504", "N505", "N506", "N507", "N508", "N509", 
"N51", "N510", "N511", "N512", "N513", "N514", "N515", "N516", 
"N517", "N520", "N521", "N522", "N523", "N524", "N525", "N526", 
"N527", "N528", "N529", "N53", "N530", "N531", "N532", "N533", 
"N534", "N535", "N536", "N537", "N538", "N539", "N54", "N541", 
"N542", "N543", "N544", "N545", "N546", "N547", "N548", "N549", 
"N550", "N57", "N603", "N604", "N605", "N606", "N607", "N608", 
"N609", "N616", "N62", "N630", "N632", "N634", "N636", "N639", 
"N648", "N7", "N70", "N79", "N8", "N80", "N83", "N87", "N9", 
"N98"), class = "factor"), y = c(1, 1, 1, 1, 1, 1, 1, 1, 1, 1, 
1, 1, 1, 1, 1, 1, 1, 1, 1, 1, 1, 1, 1, 1, 1, 1, 1, 1, 1, 1, 1, 
1, 1, 1, 1, 1, 1, 1, 1, 1, 1, 1, 1, 1, 1, 1, 1, 1, 1, 1, 1, 1, 
1, 1, 1, 1, 1, 1, 1, 1, 1, 1, 1, 1, 1, 1, 1, 1, 1, 1, 1, 1, 1, 
1, 1, 1, 1, 1, 1, 1, 1, 1, 1, 1, 1, 1, 1, 1, 1, 1, 1, 1, 1, 1, 
1, 1, 1, 1, 1, 1, 1, 1, 1, 1, 1, 1, 1, 1, 1, 1, 1, 1, 1, 1, 1, 
1, 1, 1, 1, 1, 1, 1, 1, 1, 1, 1, 1, 1, 1, 1, 0, 0, 0, 0, 0, 0, 
0, 0, 0, 0, 0, 0, 0, 0, 0, 0, 0, 0, 0, 0, 0, 0, 0, 0, 0, 0, 0, 
0, 0, 0, 0, 0, 0, 0, 0, 0, 0, 0, 0, 0, 0, 0, 0, 0, 0, 0, 0, 0, 
0, 0, 0, 0, 0, 0, 0, 0, 0, 0, 0, 0, 0, 0, 0, 0, 0, 0, 0, 0, 0, 
0, 0, 0, 0, 0, 0, 0, 0, 0, 0, 0, 0, 0, 0, 0, 0, 0, 0, 0, 0, 0, 
0, 0, 0, 0, 0, 0, 0, 0, 0, 0, 0, 0, 0, 0, 0, 0, 0, 0, 0, 0, 0, 
0, 0, 0, 0, 0, 0, 0, 0, 0, 0, 0, 0, 0, 0, 0, 0, 0, 0, 0, 0, 0, 
0), D12S2070.a1 = c(4, 4, 4, 4, 4, 1, 2, 2, 2, 2, 4, 4, 1, 1, 
4, 2, 2, 4, 4, 2, 1, 4, 1, 1, 4, 4, 1, 1, 4, 0, 1, 2, 1, 1, 4, 
2, 2, 2, 4, 5, 5, 4, 2, 1, 2, 1, 2, 1, 0, 0, 4, 4, 0, 4, 2, 1, 
1, 2, 1, 2, 1, 2, 4, 1, 2, 4, 4, 0, 4, 1, 1, 4, 4, 4, 2, 4, 4, 
2, 4, 4, 2, 4, 5, 5, 4, 2, 4, 4, 2, 5, 4, 2, 2, 2, 4, 1, 2, 1, 
5, 2, 1, 1, 5, 2, 2, 4, 2, 4, 2, 2, 1, 2, 4, 5, 2, 4, 5, 2, 4, 
5, 4, 1, 5, 1, 0, 4, 2, 1, 4, 4, 0, 4, 4, 4, 4, 2, 1, 4, 0, 0, 
2, 5, 1, 0, 4, 2, 4, 1, 4, 2, 2, 5, 2, 4, 1, 2, 4, 4, 2, 5, 4, 
1, 1, 1, 2, 5, 1, 2, 2, 4, 4, 4, 4, 4, 2, 4, 1, 2, 1, 2, 2, 2, 
2, 2, 2, 1, 1, 4, 1, 2, 4, 1, 4, 2, 4, 4, 4, 1, 1, 1, 2, 4, 2, 
1, 1, 5, 4, 1, 1, 4, 2, 4, 4, 1, 1, 4, 4, 2, 2, 1, 4, 4, 4, 1, 
2, 5, 1, 2, 1, 4, 2, 2, 4, 2, 5, 2, 5, 4, 4, 2, 4, 2, 2, 1, 2, 
4, 4, 1, 1, 4, 1, 0, 4, 4, 4, 1, 0, 4, 4, 2, 4, 1, 2), D12S2070.a2 = c(4, 
4, 4, 4, 4, 5, 5, 2, 2, 5, 4, 5, 4, 4, 5, 3, 5, 5, 5, 5, 1, 4, 
5, 2, 5, 5, 2, 2, 4, 0, 4, 5, 5, 2, 8, 4, 5, 2, 5, 5, 5, 5, 5, 
4, 4, 5, 4, 2, 0, 0, 5, 5, 0, 4, 2, 5, 4, 2, 4, 4, 2, 2, 4, 8, 
4, 5, 4, 0, 5, 4, 4, 4, 4, 4, 2, 5, 6, 5, 4, 4, 5, 4, 5, 6, 5, 
5, 4, 6, 4, 5, 4, 5, 5, 4, 4, 1, 6, 4, 5, 4, 4, 6, 5, 2, 4, 5, 
5, 6, 5, 4, 4, 2, 4, 5, 5, 4, 6, 4, 4, 7, 4, 5, 5, 5, 0, 4, 5, 
2, 4, 4, 0, 5, 4, 5, 4, 4, 5, 5, 0, 0, 4, 5, 4, 0, 4, 4, 5, 4, 
4, 5, 2, 7, 2, 4, 4, 2, 4, 5, 5, 5, 5, 4, 4, 4, 5, 5, 1, 5, 5, 
4, 4, 4, 4, 5, 2, 5, 2, 5, 4, 5, 4, 2, 4, 2, 4, 4, 4, 5, 2, 5, 
4, 2, 4, 2, 4, 5, 5, 5, 2, 4, 4, 4, 4, 4, 4, 5, 5, 2, 1, 4, 4, 
4, 5, 4, 2, 4, 4, 4, 4, 4, 5, 5, 5, 4, 4, 5, 4, 4, 1, 4, 5, 4, 
5, 5, 7, 4, 6, 5, 4, 2, 5, 5, 2, 2, 5, 5, 5, 1, 1, 5, 2, 0, 4, 
4, 5, 4, 0, 4, 5, 4, 5, 2, 4), D12S839.a1 = c(3, 4, 3, 4, 5, 
5, 4, 5, 4, 3, 4, 4, 3, 4, 4, 3, 4, 3, 3, 5, 4, 3, 3, 0, 3, 3, 
3, 3, 4, 5, 3, 3, 3, 4, 3, 4, 5, 4, 4, 4, 4, 3, 4, 3, 3, 3, 4, 
4, 4, 5, 4, 3, 5, 5, 4, 3, 4, 3, 3, 4, 3, 3, 4, 3, 4, 4, 4, 0, 
4, 5, 3, 4, 3, 5, 4, 4, 3, 3, 4, 4, 3, 4, 5, 4, 5, 4, 4, 4, 4, 
4, 3, 3, 3, 3, 3, 3, 3, 3, 2, 4, 4, 3, 4, 3, 3, 4, 5, 4, 3, 5, 
5, 4, 3, 3, 3, 4, 4, 4, 4, 4, 3, 3, 4, 3, 3, 3, 3, 4, 5, 3, 0, 
4, 5, 3, 5, 3, 3, 5, 0, 0, 4, 4, 3, 0, 3, 5, 4, 3, 3, 4, 5, 5, 
3, 4, 4, 3, 4, 3, 3, 3, 3, 3, 3, 3, 3, 4, 3, 3, 3, 3, 3, 3, 4, 
4, 3, 5, 5, 4, 4, 3, 3, 3, 3, 3, 4, 3, 4, 4, 3, 3, 5, 3, 3, 3, 
3, 4, 3, 4, 3, 4, 4, 4, 4, 3, 4, 3, 4, 3, 4, 5, 3, 4, 4, 3, 4, 
4, 3, 3, 5, 5, 4, 4, 3, 1, 3, 5, 3, 3, 4, 3, 0, 3, 4, 3, 4, 4, 
4, 3, 4, 5, 4, 4, 4, 4, 5, 5, 2, 3, 4, 3, 4, 0, 3, 4, 3, 5, 0, 
5, 3, 3, 5, 4, 3), D12S839.a2 = c(4, 5, 5, 5, 5, 5, 5, 5, 4, 
4, 4, 4, 5, 4, 5, 4, 5, 6, 5, 6, 5, 4, 5, 0, 4, 5, 4, 5, 4, 5, 
4, 4, 4, 4, 5, 5, 5, 5, 5, 4, 5, 5, 5, 4, 5, 5, 5, 4, 4, 5, 5, 
5, 5, 5, 5, 5, 5, 3, 5, 5, 3, 4, 5, 3, 4, 5, 5, 0, 5, 5, 4, 5, 
3, 5, 4, 5, 5, 5, 4, 5, 4, 5, 5, 4, 5, 5, 4, 4, 4, 5, 4, 3, 5, 
4, 4, 4, 5, 5, 5, 4, 5, 4, 4, 5, 4, 5, 5, 5, 4, 5, 5, 5, 4, 6, 
4, 4, 5, 4, 5, 4, 4, 5, 4, 3, 3, 5, 4, 5, 5, 3, 0, 4, 5, 5, 5, 
3, 4, 5, 0, 0, 5, 5, 4, 0, 4, 5, 5, 4, 4, 4, 5, 5, 4, 4, 4, 3, 
5, 3, 5, 3, 4, 5, 5, 4, 4, 5, 5, 5, 3, 5, 8, 5, 5, 5, 5, 5, 5, 
5, 4, 3, 4, 5, 5, 5, 4, 4, 5, 5, 3, 5, 5, 4, 5, 4, 4, 4, 3, 6, 
3, 5, 5, 5, 5, 5, 5, 5, 4, 4, 5, 5, 5, 4, 4, 3, 4, 5, 3, 4, 5, 
5, 4, 5, 5, 3, 5, 5, 4, 4, 4, 4, 0, 3, 4, 4, 5, 5, 5, 4, 5, 5, 
4, 4, 5, 5, 7, 5, 4, 5, 5, 4, 5, 0, 4, 5, 4, 5, 0, 5, 3, 5, 5, 
5, 5),